12 18
0.884273 0.960866 0.961616 0.982387 0.999008 1.01809 1.03734 1.04777 1.05291 0 0 0 0 0 0 0 0 0 
0.922955 0.924651 0.926035 0.973316 0.975496 0.976888 0.983008 0.984892 0.98601 1 1.00096 1.00128 0 0 0 0 0 0 
0.809868 0.810453 0.811159 0.934049 0.93561 0.936625 0.98265 0.984306 0.986045 0.997137 0.997455 0.996819 0.996819 0.996819 0.997455 0.00636132 0 0.00636132 
0.976091 0.978957 0.980001 0.964611 0.966043 0.968179 0.910138 0.912673 0.913313 0.00317873 0 0.00317873 0.501806 0.501951 0.502384 1.00116 1.00173 1.00202 
0.09 0.65 0.22 0.23 0 0.54 0.7 0.94 0.88 0.53 0.74 0.42 0.14 0.78 0.5 0.35 0.37 0.82 
0.878296 0.953077 0.980782 0.880698 0.955405 0.983471 0.88178 0.957725 0.986526 1.00177 0.518584 0.0353982 1.00177 0.500885 0 1.00177 0.520354 0.0389381 
0.909171 0.913333 0.91832 0.891555 0.884692 0.886564 0.916428 0.909994 0.911936 1.0214 1.02459 1.02389 1.02474 1.02529 1.02544 1.02428 1.02505 1.02435 
0.34 0.82 0.7 0.59 0.64 0.16 0.27 0.34 0.04 0.57 0.8 0 0.5 0.19 0.37 0.36 0.99 0.66 
0.99 0.07 0.27 0.21 0.31 0.69 0.76 0.41 0.32 0.31 0.49 0.84 0.23 0.89 0.81 0.59 0.46 0.49 
0.861339 0.875342 0.89982 0.877275 0.896027 0.92467 0.897669 0.917118 0.944486 0 0 0 0 0 0 0 0 0 
0.981671 0.967097 0.938274 0.983812 0.970111 0.941037 0.985919 0.971324 0.941982 0.0353669 0.517241 1 0 0.499558 1 0.0389036 0.51901 1 
0.41 0.24 0.17 0.55 0.82 0.29 0.79 0.51 0.12 0.42 0.99 0.69 0.79 0.22 0.88 0.41 0.98 0.1 
